1327895290
1327895291
1327895292
1327895293
1327895294
1327895295
1327895296
1327895297
1327895298
1327895299
1327895300
1327895301
1327895302
1327895303
1327895304
1327895305
1327895306
1327895307
1327895308
1327895309
1327895310
1327895311
1327895312
1327895313
1327895314
1327895315
1327895316
1327895317
1327895318
1327895319
1327895320
1327895321
1327895322
1327895323
1327895324
1327895325
1327895326
1327895327
1327895328
1327895329
1327895330
1327895331
1327895332
1327895333
1327895334
1327895335
1327895336
1327895337
1327895338
1327895339
1327895340
1327895341
1327895342
1327895343
1327895344
1327895345